portal_jardin=0.08321,0.42721,0.11000,0.30000
portal_chambre=0.37230,0.38329,0.11000,0.30000
portal_grenier=0.84169,0.21879,0.11000,0.30000
portal_cuisine=0.59536,0.38627,0.11000,0.30000
bear=0.59682,0.15000,0.85000
